image_width: 640
image_height: 480
camera_name: head_camera
camera_matrix:
  rows: 3
  cols: 3
  data: [306.877611, 0.000000, 308.037010, 0.000000, 306.213034, 228.041184, 0.000000, 0.000000, 1.000000]
distortion_model: plumb_bob
distortion_coefficients:
  rows: 1
  cols: 5
  data: [0.006812, -0.027759, 0.000459, 0.000593, 0.000000]
rectification_matrix:
  rows: 3
  cols: 3
  data: [1.000000, 0.000000, 0.000000, 0.000000, 1.000000, 0.000000, 0.000000, 0.000000, 1.000000]
projection_matrix:
  rows: 3
  cols: 4
  data: [297.785004, 0.000000, 306.873213, 0.000000, 0.000000, 304.177948, 227.880397, 0.000000, 0.000000, 0.000000, 1.000000, 0.000000]
