image_width: 640
image_height: 480
camera_name: head_camera
camera_matrix:
  rows: 3
  cols: 3
  data: [854.617666, 0, 352.744023, 0, 851.45041, 258.758611, 0, 0, 1]
distortion_model: plumb_bob
distortion_coefficients:
  rows: 1
  cols: 5
  data: [0.06697, -0.14056, 0.010418, 0.012394, 0]
rectification_matrix:
  rows: 3
  cols: 3
  data: [1, 0, 0, 0, 1, 0, 0, 0, 1]
projection_matrix:
  rows: 3
  cols: 4
  data: [862.936157, 0, 357.627911, 0, 0, 863.47876, 261.694953, 0, 0, 0, 1, 0]
